95
0.0009172918692831317
0.0010083488107965556
0.0011083208322498262
0.0012180471348563937
0.0013384260103944897
0.0014704675670453421
0.0016152550642577223
0.0017739014511243831
0.0019476844170690935
0.002137928939896947
0.0023460518402080546
0.0025735751591378876
0.002822054830114418
0.0030931913236894133
0.003388684467399807
0.003710310182726564
0.004059826057885693
0.004438987758830532
0.004849473925505159
0.0052927416927287824
0.00577011929589669
0.006282478940931491
0.006830284930410849
0.00741328761514573
0.008030352431921798
0.008679317662167896
0.009356926180233153
0.010065556419312968
0.010806740576988433
0.011580158977572662
0.012385751030711316
0.013223932979879335
0.01409584146797206
0.01500367063826274
0.015951030690465457
0.0169434388746522
0.01798889537270739
0.019136866004180516
0.02049795838218356
0.022030877491549798
0.023644973121380905
0.025190242763135175
0.026442463993311356
0.027106131809354932
0.027211117045403674
0.027288672522876225
0.02735320789660509
0.027404716874542975
0.027443213525500443
0.02746875023301325
0.02748139475461615
0.027365684274182435
0.026549970915490557
0.025186561595734357
0.023553169297597026
0.021877451540986127
0.020315514467561527
0.018959126023272047
0.01783215191861949
0.01679430935661313
0.015808181719687214
0.014866401776921735
0.01396387485100631
0.013097220234194839
0.012264356515131481
0.011464163499897474
0.010696149617160622
0.009960345278988933
0.009256937469113808
0.008583984044265467
0.00794038044957259
0.007329085343395969
0.006751984893915709
0.006209925971071419
0.005703040980274337
0.00523079162946616
0.004792283071510399
0.004386180622043692
0.004011036957790617
0.00366518634499178
0.0033469172160895465
0.0030544914096522166
0.0027861660326450417
0.002540261884316504
0.0023150981107945374
0.002109159700095979
0.0019209290354271504
0.0017489949572146856
0.0015920476922008902
0.0014488725499678758
0.001318303700984114
0.0011993036099144753
0.0010908557851609655
0.0009920768568018273
0.0009021309601906785
